Profiling Data for connect_and_send_file:

Total Bytes Sent: 41684
Chunk Size: 512 bytes
Number of Chunks Sent: 81
Remaining Bytes: 212

Connection Time (microseconds): 3423082, 2031237, 1889445, 1948962, 2037367, 1916508, 2001193, 1974613, 3227309, 1981204, 3294649, 3382667, 3323633, 2048435, 3226935, 1889890, 2042037, 1969445, 4445734, 2020441
Finding characteristic and service (microseconds): 0, 0, 0, 0, 0, 0, 0, 0, 0, 0, 0, 0, 0, 0, 0, 0, 0, 0, 0, 0
Total Sending Time (microseconds): 1460954, 1507114, 1488355, 1443501, 1457223, 1424610, 1477287, 1427295, 1423442, 1474608, 1509718, 1448093, 1475880, 1517371, 1539432, 1490761, 1516973, 1542334, 1478616, 1482373

Chunk Timing Details:
Chunk round trip times (microseconds):
Chunk 1: 19495, 19623, 47102, 20971, 20943, 20860, 24813, 20845, 20903, 39570, 19660, 23143, 19851, 64808, 19373, 36983, 19450, 22338, 21276, 21169
Chunk 2: 12507, 12658, 12488, 12471, 14992, 13740, 12466, 12451, 12464, 43768, 12575, 33661, 12251, 17508, 12528, 21296, 33789, 12497, 38580, 12451
Chunk 3: 33704, 37293, 12502, 31260, 12505, 28713, 12482, 42487, 12498, 12469, 36221, 18798, 22463, 12496, 12766, 12478, 28706, 12553, 12474, 28718
Chunk 4: 17537, 12521, 12506, 12488, 31225, 23754, 12484, 12513, 34999, 13950, 38707, 12458, 15033, 12506, 12225, 12485, 22514, 28675, 12560, 17515
Chunk 5: 12512, 37996, 12494, 12530, 26239, 12561, 36264, 12504, 12497, 12297, 12488, 12490, 44971, 13800, 34977, 12480, 14979, 18768, 12437, 16238
Chunk 6: 12488, 13577, 12465, 12737, 12545, 12431, 12503, 12506, 12511, 35003, 12536, 12526, 12512, 12873, 15044, 27572, 12514, 12482, 12554, 12509
Chunk 7: 12468, 12186, 28764, 12239, 12466, 13919, 12534, 12486, 12529, 15003, 12471, 12472, 12467, 12065, 12450, 12442, 12536, 12502, 12457, 12506
Chunk 8: 15253, 31234, 23749, 12592, 12535, 12366, 12492, 12601, 12569, 12501, 12510, 12498, 12509, 13102, 12495, 42508, 12524, 12478, 13744, 12587
Chunk 9: 12298, 21277, 12514, 14932, 12463, 12514, 12481, 12412, 12397, 12489, 12568, 12503, 12525, 40674, 12525, 12506, 12476, 12494, 28788, 12431
Chunk 10: 12438, 12480, 15020, 12771, 12536, 29966, 12480, 36254, 15049, 12817, 29892, 40013, 12504, 12477, 37502, 12474, 28732, 12800, 12507, 34970
Chunk 11: 35047, 12515, 12528, 34738, 28700, 24995, 12501, 12539, 32475, 12187, 24026, 12492, 33720, 12541, 37470, 12659, 16669, 38443, 12518, 17502
Chunk 12: 12497, 12479, 15003, 12459, 27566, 12538, 28747, 12712, 16280, 12501, 12241, 12543, 21365, 12496, 12501, 12381, 12136, 18781, 12489, 15076
Chunk 13: 12539, 12483, 13100, 12514, 12742, 12483, 52502, 12229, 12453, 12549, 12519, 34997, 12429, 12867, 12535, 12466, 12473, 27515, 12447, 12470
Chunk 14: 12430, 12534, 30578, 37516, 12207, 12479, 12523, 12500, 12541, 28699, 12478, 12456, 12483, 12157, 12504, 12482, 12655, 12516, 12512, 12494
Chunk 15: 12824, 28704, 27510, 12474, 12537, 12498, 12518, 12514, 12477, 23778, 12559, 41255, 12498, 12599, 12537, 36282, 12594, 22447, 12508, 12498
Chunk 16: 12201, 28762, 12521, 33762, 12458, 12501, 12476, 12550, 12480, 12460, 12529, 12577, 12508, 36102, 12436, 12492, 12519, 28752, 12508, 12501
Chunk 17: 12451, 12528, 12458, 13732, 12495, 12578, 31235, 28680, 12515, 12515, 40347, 12456, 12469, 12488, 14983, 12501, 12270, 21259, 31253, 12510
Chunk 18: 33761, 12477, 12534, 12508, 28753, 33672, 22527, 21259, 12526, 12498, 12169, 12708, 12484, 12817, 34996, 12489, 29935, 12495, 12472, 34953
Chunk 19: 13765, 12517, 12474, 12527, 22504, 12508, 12490, 12487, 37461, 14063, 12427, 12281, 36271, 12179, 12550, 12568, 19959, 12566, 15005, 12509
Chunk 20: 15042, 12770, 12533, 12498, 12505, 12527, 12510, 17511, 13012, 17217, 12475, 12477, 12538, 22539, 12558, 12750, 12495, 12464, 12510, 25018
Chunk 21: 14989, 12218, 30003, 12486, 12496, 12467, 12464, 12610, 12010, 33705, 12543, 12529, 12553, 12572, 12409, 12221, 12500, 12755, 12481, 63714
Chunk 22: 36246, 29983, 23759, 12461, 15301, 12563, 12512, 12442, 35100, 12517, 12583, 31226, 12398, 28635, 12515, 29958, 22530, 12761, 12517, 28754
Chunk 23: 12500, 24992, 12839, 12524, 13601, 12474, 12538, 12491, 12841, 12517, 13629, 23789, 12487, 23787, 13794, 18790, 13764, 13253, 12513, 12504
Chunk 24: 37511, 12510, 12155, 33741, 12551, 12522, 28693, 36206, 32039, 14154, 28747, 12515, 32548, 15002, 13716, 12462, 12465, 43708, 12507, 12475
Chunk 25: 16257, 12518, 12534, 18770, 28550, 31178, 31323, 16254, 20005, 12523, 27515, 12447, 35442, 12501, 28715, 12517, 37507, 12491, 38716, 12535
Chunk 26: 12466, 12504, 12659, 12711, 18798, 17607, 12458, 12527, 12473, 12108, 12492, 12502, 12072, 12507, 21247, 12854, 12509, 35189, 12504, 12505
Chunk 27: 15321, 17509, 17309, 12313, 12486, 13672, 12523, 12534, 15069, 12819, 12487, 13750, 12483, 12463, 12544, 12122, 12867, 12421, 12490, 15045
Chunk 28: 12200, 12496, 41241, 13757, 40287, 12475, 30003, 12458, 12471, 30870, 12542, 12495, 15000, 12535, 12462, 12535, 12148, 17381, 15006, 28678
Chunk 29: 12497, 28711, 12499, 12506, 12285, 12539, 28704, 12539, 12505, 21290, 12460, 28750, 12458, 31206, 12502, 13720, 15240, 35009, 12521, 22506
Chunk 30: 12451, 23829, 36221, 12447, 12965, 12758, 22508, 12542, 34976, 16247, 12539, 20416, 12493, 20056, 15037, 36253, 12253, 12503, 12476, 12505
Chunk 31: 45040, 12467, 27509, 28741, 28188, 32193, 12501, 28653, 35007, 12456, 28704, 12121, 12517, 12461, 12529, 36305, 12576, 12868, 12541, 12516
Chunk 32: 28941, 12478, 39989, 20022, 41237, 40031, 12532, 26272, 14985, 12519, 23817, 12461, 28751, 12540, 28671, 12708, 39901, 12166, 29960, 12520
Chunk 33: 12324, 13753, 12501, 12491, 12504, 12512, 12503, 13730, 12518, 12527, 12842, 12525, 23743, 12495, 27505, 14756, 12484, 12511, 20002, 12459
Chunk 34: 12629, 12479, 12512, 12549, 12574, 12514, 12466, 12533, 12506, 12719, 24635, 15029, 30049, 12724, 12490, 12509, 15016, 14945, 12504, 12506
Chunk 35: 12367, 15017, 12538, 12479, 12631, 12443, 25055, 12450, 12505, 36015, 20068, 12459, 24950, 12244, 12507, 28792, 12537, 12502, 40052, 34975
Chunk 36: 32460, 28725, 12451, 12840, 12311, 12485, 28701, 36278, 12485, 12481, 12423, 12518, 12501, 32520, 14999, 21328, 12764, 32502, 15039, 13762
Chunk 37: 16288, 12510, 12542, 12135, 43715, 12535, 21267, 37492, 29991, 13734, 65260, 36223, 30006, 31253, 12524, 12361, 12205, 18750, 41166, 12555
Chunk 38: 12467, 12505, 12470, 12492, 12530, 28731, 12479, 12478, 16589, 31292, 11004, 12557, 23755, 29998, 12517, 12681, 12536, 12531, 12520, 12435
Chunk 39: 12505, 12512, 28754, 40012, 12465, 26813, 12542, 12539, 12164, 12452, 12510, 12468, 12577, 12506, 40303, 14846, 35264, 25073, 14968, 12517
Chunk 40: 12497, 12516, 12493, 12519, 12513, 11989, 12457, 12818, 12490, 12520, 12469, 12496, 12415, 12490, 24718, 12783, 38441, 12400, 17528, 12523
Chunk 41: 12498, 12505, 12488, 12509, 12550, 12461, 16266, 12141, 12589, 28762, 12509, 12796, 12536, 14998, 11240, 12205, 12526, 15002, 12483, 12510
Chunk 42: 12503, 37469, 12918, 12507, 12453, 12566, 12525, 12520, 12505, 29991, 29962, 12213, 12492, 36232, 24962, 50011, 12530, 33759, 12510, 14997
Chunk 43: 12550, 38753, 12147, 13706, 12478, 12421, 31196, 12488, 12421, 12509, 17504, 12449, 12489, 12527, 41236, 12490, 12449, 12473, 12491, 37473
Chunk 44: 38697, 12488, 12479, 12500, 38785, 16275, 12513, 32528, 12476, 12516, 12500, 28761, 28732, 12493, 48760, 12691, 28800, 12636, 36269, 12795
Chunk 45: 12497, 12544, 13737, 12503, 12507, 33794, 12505, 12515, 42517, 12462, 15055, 23769, 25016, 12549, 20100, 16123, 19999, 17429, 12487, 14778
Chunk 46: 12494, 12463, 12486, 42503, 12510, 16184, 12491, 12464, 12474, 12524, 12483, 12491, 14973, 12422, 12424, 12444, 24011, 13694, 12492, 12738
Chunk 47: 12516, 16289, 28753, 12492, 14959, 12505, 38774, 12486, 12528, 12512, 12499, 12478, 12807, 15029, 12503, 12681, 13489, 12504, 12492, 12184
Chunk 48: 12740, 12485, 16223, 12546, 12503, 12543, 12479, 12509, 12495, 32472, 12535, 12546, 12235, 46224, 28709, 29785, 12468, 12534, 17834, 17799
Chunk 49: 12282, 29965, 12571, 12502, 12518, 22493, 28761, 16246, 12749, 17531, 38672, 12475, 12522, 12478, 22581, 23745, 25009, 32466, 12308, 12609
Chunk 50: 16233, 17522, 12487, 12461, 12481, 12489, 18731, 12500, 12396, 12488, 22509, 12530, 12505, 12582, 12514, 12713, 28735, 21319, 12765, 36067
Chunk 51: 35018, 12474, 12481, 13146, 36255, 12481, 12561, 12498, 12372, 12492, 12534, 40237, 29943, 12430, 12560, 12282, 21254, 13713, 39609, 12321
Chunk 52: 12475, 12503, 12490, 13147, 12569, 37525, 14976, 38775, 28747, 12503, 12463, 35993, 27571, 12507, 12415, 12520, 12483, 12476, 12483, 12516
Chunk 53: 12537, 13754, 17784, 57455, 12483, 12490, 12513, 12479, 18730, 12521, 13797, 12489, 12428, 12481, 12745, 12472, 15011, 12545, 12536, 14972
Chunk 54: 12454, 12506, 28435, 12574, 12474, 12471, 12506, 13758, 12500, 12465, 12494, 12499, 12510, 13788, 12213, 12509, 12511, 12737, 12835, 14993
Chunk 55: 12536, 12498, 20017, 12437, 12919, 12530, 12449, 12566, 12513, 12485, 12453, 12539, 12539, 12492, 31225, 12571, 12487, 12193, 12124, 12478
Chunk 56: 12471, 12471, 12496, 12550, 12088, 12488, 28763, 12462, 12516, 36293, 28753, 12601, 22472, 33763, 16270, 37451, 12497, 28776, 12500, 12488
Chunk 57: 13779, 35043, 12502, 12460, 13738, 12527, 28735, 12498, 12480, 12467, 16266, 41158, 28735, 12469, 12483, 12476, 28753, 28740, 12507, 55017
Chunk 58: 36266, 12491, 12584, 12467, 28747, 12512, 12510, 12473, 12482, 12506, 12495, 12459, 39992, 12516, 17529, 12504, 21294, 27859, 31252, 12484
Chunk 59: 43737, 12491, 17429, 36286, 18734, 28702, 22496, 37500, 33905, 12522, 11249, 12496, 12538, 28747, 25054, 12526, 12437, 37183, 25390, 12526
Chunk 60: 14996, 15023, 12521, 12470, 12828, 22503, 27813, 12477, 34853, 12500, 12521, 12512, 14997, 30508, 30024, 15262, 12508, 56238, 27144, 12518
Chunk 61: 12497, 12459, 12459, 22491, 27212, 12500, 39709, 12555, 17520, 12496, 12497, 35031, 23757, 34485, 42408, 12247, 25019, 23749, 25036, 12492
Chunk 62: 12476, 12514, 33762, 12539, 22547, 12529, 12846, 13743, 12486, 12475, 12472, 18735, 33714, 12475, 12498, 12479, 30036, 12494, 12430, 12504
Chunk 63: 32494, 17518, 12502, 12462, 12771, 13766, 12176, 12471, 12500, 32504, 12506, 34995, 25018, 12522, 12500, 37525, 32453, 12505, 37504, 38712
Chunk 64: 27508, 57522, 40013, 12518, 29678, 12463, 12518, 27514, 12600, 12519, 37481, 12450, 12549, 12520, 12527, 12922, 12526, 12504, 12544, 43848
Chunk 65: 23813, 25060, 29981, 42545, 18703, 12503, 12449, 49981, 39913, 12508, 15100, 12832, 12460, 12495, 12471, 17109, 12462, 37471, 12478, 12435
Chunk 66: 12462, 22477, 47487, 25361, 12543, 41305, 15222, 14998, 24988, 12468, 12463, 12263, 12495, 12515, 12513, 12458, 12528, 12576, 25191, 12863
Chunk 67: 12459, 12432, 16256, 12078, 12490, 46211, 12311, 12541, 12532, 25822, 24998, 24930, 12476, 12508, 29977, 68736, 12467, 12505, 11115, 12356
Chunk 68: 12873, 41261, 12512, 12539, 34006, 12482, 28715, 12518, 12732, 21777, 27524, 32552, 12485, 30218, 21252, 18745, 12500, 12423, 74912, 37290
Chunk 69: 29630, 12532, 12551, 35304, 12249, 12501, 27654, 12468, 12225, 44904, 49926, 24982, 37516, 28806, 12522, 12537, 16244, 12504, 12499, 14985
Chunk 70: 23773, 12897, 12472, 40913, 39968, 15044, 12340, 12471, 12751, 17502, 12543, 12506, 12505, 53512, 12505, 12475, 37527, 12492, 12508, 12483
Chunk 71: 15032, 12081, 12491, 12818, 12489, 39940, 12489, 28780, 29744, 17536, 12474, 12511, 12510, 12467, 12490, 12493, 12524, 12477, 13797, 12827
Chunk 72: 12756, 12479, 28732, 12211, 15026, 12497, 12535, 40038, 17498, 12512, 12491, 12732, 12480, 38748, 12509, 12491, 48722, 12570, 12467, 12149
Chunk 73: 12222, 12557, 30258, 12492, 12808, 12509, 12459, 12527, 12535, 13717, 33774, 12262, 13018, 12485, 12493, 12481, 12523, 36209, 12481, 12512
Chunk 74: 12496, 12479, 12269, 20006, 12644, 12573, 16331, 12510, 12471, 34047, 28712, 13734, 11995, 12508, 32465, 28773, 29968, 12557, 36244, 12545
Chunk 75: 12505, 31200, 12484, 12485, 12111, 12430, 28678, 12458, 12558, 35969, 20013, 33706, 12527, 12463, 20273, 30009, 24997, 12464, 12514, 29963
Chunk 76: 37460, 41272, 12508, 28737, 12491, 12535, 17506, 12455, 16190, 13751, 12530, 13827, 29968, 12518, 12314, 12563, 12583, 12518, 12885, 25002
Chunk 77: 13802, 12492, 12506, 23765, 38698, 12470, 12515, 32505, 12501, 12461, 12492, 12432, 21257, 12504, 12443, 12457, 12460, 12482, 12293, 12532
Chunk 78: 22489, 12502, 12510, 12500, 13771, 31255, 12511, 21237, 12500, 12527, 12468, 12494, 12486, 12516, 40031, 14977, 14933, 12507, 12344, 12526
Chunk 79: 13044, 12488, 29941, 12477, 12484, 19995, 12496, 12566, 36289, 12478, 12488, 12508, 12492, 29955, 12446, 12500, 12570, 12499, 12469, 12470
Chunk 80: 11976, 28746, 21290, 13758, 12503, 12524, 12499, 12491, 12496, 12540, 12498, 13003, 12490, 13782, 40287, 32489, 12487, 29964, 12542, 12489
Chunk 81: 12671, 25010, 12468, 12513, 12525, 12491, 12460, 12593, 12499, 32449, 13058, 12214, 12549, 12533, 12261, 30056, 31213, 22511, 29962, 12469

----------------------------------------
Profiling Data for connect_and_send_file:

Total Bytes Sent: 41684
Chunk Size: 1024 bytes
Number of Chunks Sent: 40
Remaining Bytes: 724

Connection Time (microseconds): 1970611, 1119043, 1122393, 1067490, 949300, 1067490, 877949, 991915, 1055325, 2362611, 1038681, 2397376, 1014678, 1116618, 1078115, 2395743, 1069130, 2403705, 997810, 998733
Finding characteristic and service (microseconds): 0, 0, 0, 0, 0, 0, 0, 0, 0, 0, 0, 0, 0, 0, 0, 0, 0, 0, 0, 0
Total Sending Time (microseconds): 1065929, 1065724, 1088497, 1157362, 1077383, 1248591, 1118629, 1072124, 1076115, 1094612, 1107146, 1106482, 1110818, 1142281, 1109228, 1086080, 1133275, 1125707, 1144816, 1069795

Chunk Timing Details:
Chunk round trip times (microseconds):
Chunk 1: 53397, 71938, 47167, 28864, 27385, 59915, 28582, 70824, 28643, 30804, 42110, 36153, 28327, 31041, 39199, 58587, 28279, 29464, 46053, 29787
Chunk 2: 19989, 19987, 27572, 42191, 36226, 19932, 20119, 22519, 33698, 40014, 25103, 21231, 35020, 32760, 36751, 33730, 19966, 19972, 25015, 20001
Chunk 3: 20000, 20040, 19910, 19994, 32550, 19957, 21138, 19994, 36290, 17671, 19998, 20022, 19990, 49694, 20751, 30008, 38740, 59997, 19967, 22511
Chunk 4: 19984, 21207, 21287, 21546, 19972, 17518, 37496, 18903, 19980, 21206, 21176, 36211, 20207, 21267, 20011, 20280, 17509, 25350, 17507, 44982
Chunk 5: 33759, 32531, 20018, 22220, 20002, 32513, 42529, 21300, 20028, 21259, 20025, 26299, 18535, 19981, 20034, 18752, 40039, 20949, 21209, 18752
Chunk 6: 48802, 28734, 37463, 33740, 19981, 31247, 19955, 39812, 19995, 38619, 37451, 20058, 19959, 33749, 39958, 21017, 19977, 19982, 32505, 21240
Chunk 7: 19954, 20007, 21272, 35211, 41228, 42773, 20008, 21232, 34980, 26272, 23794, 21162, 36264, 34991, 23770, 39945, 42477, 32454, 30019, 19996
Chunk 8: 20015, 20004, 17529, 21083, 19987, 33476, 38738, 21410, 18766, 19966, 40063, 19995, 20006, 21255, 19986, 20036, 23864, 23811, 17493, 33744
Chunk 9: 33715, 20036, 23725, 19946, 20057, 35025, 36267, 21129, 19998, 20003, 63658, 34995, 23754, 20026, 20322, 17455, 19931, 19980, 21209, 35133
Chunk 10: 30392, 42454, 19994, 22526, 20003, 30331, 31262, 32446, 19996, 20007, 19994, 30025, 20016, 19990, 45950, 23769, 17497, 19995, 20069, 21160
Chunk 11: 20912, 20227, 32466, 47697, 17494, 20870, 20391, 32539, 36222, 43743, 19992, 20014, 20023, 46218, 21213, 20028, 36227, 20000, 36179, 19994
Chunk 12: 22485, 21233, 35061, 22284, 66213, 37610, 45889, 17467, 42552, 42560, 20006, 19976, 41198, 21255, 20422, 42447, 36254, 33750, 21744, 19971
Chunk 13: 56221, 21102, 19954, 22781, 19994, 46199, 20219, 19984, 19981, 21226, 33760, 21247, 21364, 20220, 22227, 18752, 19983, 27531, 20838, 36274
Chunk 14: 22501, 39940, 21275, 59721, 17489, 19952, 19785, 21326, 17530, 21274, 36241, 48731, 29865, 21044, 21095, 20045, 20018, 19983, 21212, 22505
Chunk 15: 20005, 28749, 34974, 23765, 35023, 20028, 20036, 33676, 19955, 41181, 20025, 20036, 22506, 33737, 53775, 19991, 18815, 21200, 20050, 19994
Chunk 16: 20015, 20321, 32552, 17533, 33756, 32486, 36156, 25002, 36261, 20527, 20017, 20235, 71318, 29978, 31233, 33732, 43670, 20051, 43669, 21222
Chunk 17: 33720, 20971, 19947, 19982, 20209, 32681, 30391, 23779, 27527, 22031, 20553, 21196, 32635, 21570, 29992, 37530, 23807, 41214, 19981, 20008
Chunk 18: 32533, 17468, 20038, 20062, 18513, 21075, 18425, 20006, 19966, 20002, 41901, 33538, 22565, 20983, 61294, 19986, 19940, 20280, 20078, 40035
Chunk 19: 19960, 35004, 20006, 39931, 20031, 20337, 19958, 19992, 21267, 33684, 20037, 32547, 40968, 18746, 26205, 19963, 20055, 20965, 19983, 20034
Chunk 20: 20014, 20371, 61193, 19997, 39962, 21030, 20314, 38727, 19961, 31276, 19964, 19999, 20053, 42481, 20058, 20015, 42530, 21277, 19990, 36227
Chunk 21: 18845, 21041, 21289, 24027, 20056, 39904, 38448, 17500, 56256, 20034, 20050, 39956, 20061, 20007, 17443, 41255, 66226, 32477, 43714, 19969
Chunk 22: 33670, 21124, 19983, 20953, 19997, 19968, 20001, 19982, 31286, 19997, 17493, 46291, 19938, 19979, 41277, 20001, 26253, 37545, 25012, 41239
Chunk 23: 28749, 21236, 20031, 35009, 17492, 21268, 22492, 20064, 19969, 19939, 44962, 19965, 33714, 18787, 20016, 20030, 42449, 20269, 19992, 20007
Chunk 24: 20031, 32486, 46197, 28777, 20326, 19971, 20203, 19952, 33738, 32502, 20027, 20000, 39051, 19963, 19977, 20004, 19995, 21156, 20013, 20028
Chunk 25: 17488, 43789, 20030, 19976, 43391, 20019, 21051, 32499, 31651, 30076, 20002, 17732, 20993, 37513, 17501, 45003, 17814, 24830, 66244, 20026
Chunk 26: 19961, 19976, 20017, 20058, 20006, 43714, 42518, 40064, 20859, 19969, 17491, 34752, 21248, 43809, 20013, 44981, 18463, 66236, 46290, 22448
Chunk 27: 32529, 20057, 19996, 21194, 18774, 20013, 19967, 19984, 20126, 23715, 19989, 25017, 20245, 21210, 38743, 20033, 19967, 23809, 53730, 41300
Chunk 28: 19981, 34904, 33710, 32487, 20036, 19999, 43733, 19979, 19919, 20006, 38735, 20008, 39728, 32476, 21494, 21248, 41307, 21199, 20002, 21219
Chunk 29: 19990, 22494, 32554, 19978, 19939, 20027, 33759, 32462, 37468, 44984, 20026, 18780, 19985, 43776, 23584, 17475, 20330, 33693, 20006, 21258
Chunk 30: 17524, 20039, 21206, 20039, 40030, 59962, 37557, 31269, 20015, 20006, 19982, 19995, 20372, 18721, 19911, 38751, 19633, 26319, 22530, 29990
Chunk 31: 33719, 20192, 20024, 20025, 22474, 54145, 21207, 19999, 20239, 22869, 21227, 32447, 20887, 21282, 34986, 20026, 20011, 21204, 33681, 37472
Chunk 32: 33763, 21137, 19055, 19965, 19989, 55874, 19981, 20030, 22243, 20888, 32523, 32527, 17490, 20005, 25076, 19984, 34968, 20002, 37513, 19978
Chunk 33: 19993, 34934, 37161, 43741, 21286, 20327, 21251, 19966, 20001, 32543, 47533, 18800, 41247, 39957, 21224, 19995, 36275, 19985, 21275, 21297
Chunk 34: 17550, 20001, 40288, 39998, 34961, 22179, 43771, 40003, 38763, 33703, 17483, 19967, 20023, 18781, 22501, 33712, 22493, 33749, 17468, 28727
Chunk 35: 19962, 17474, 19791, 31283, 30015, 20042, 19987, 38791, 20011, 17531, 20026, 65002, 20023, 20011, 19982, 30002, 20020, 19995, 20042, 32533
Chunk 36: 19997, 20001, 21207, 20046, 32866, 36175, 20015, 19959, 20006, 20015, 32456, 36276, 17477, 20006, 32463, 20009, 19985, 17535, 36214, 31213
Chunk 37: 33773, 20029, 39982, 56190, 30915, 53788, 19958, 18722, 22465, 58694, 36252, 21214, 19980, 19994, 23761, 19965, 43729, 20285, 20021, 19999
Chunk 38: 29982, 37481, 19982, 24996, 38749, 36286, 32514, 35062, 20416, 25047, 22500, 20016, 45004, 47497, 25063, 18793, 22579, 21156, 21367, 17486
Chunk 39: 21239, 36248, 21317, 20001, 21249, 34959, 33785, 21218, 43335, 19979, 20120, 36216, 18753, 31237, 19968, 32493, 21238, 34765, 19893, 21284
Chunk 40: 20024, 19993, 21603, 32492, 19992, 20025, 19969, 23806, 23871, 20015, 21189, 18747, 40208, 32575, 19996, 23746, 19971, 72565, 19993, 32474

----------------------------------------
Profiling Data for connect_and_send_file:

Total Bytes Sent: 41684
Chunk Size: 2048 bytes
Number of Chunks Sent: 20
Remaining Bytes: 724

Connection Time (microseconds): 3522781, 1375146, 1253378, 1308761, 1388460, 2548028, 1234206, 1364521, 1265256, 1378986, 1267358, 1279778, 1370517, 1312872, 1263372, 1277684, 1259839, 1345134, 1349111, 1455288
Finding characteristic and service (microseconds): 0, 0, 0, 0, 0, 0, 0, 0, 0, 0, 0, 0, 0, 0, 0, 0, 0, 0, 0, 0
Total Sending Time (microseconds): 848529, 818103, 824826, 786073, 835649, 830904, 852331, 835653, 814690, 787039, 901203, 796476, 847301, 886198, 859680, 848288, 817288, 837303, 800646, 786150

Chunk Timing Details:
Chunk round trip times (microseconds):
Chunk 1: 50842, 35569, 37283, 39831, 38166, 57106, 50929, 56906, 39609, 39562, 38629, 42354, 63509, 35262, 38441, 39560, 40959, 50981, 45601, 52512
Chunk 2: 43761, 37505, 70014, 41200, 33733, 45072, 47528, 39979, 36220, 39947, 43741, 33777, 27615, 34630, 46234, 26299, 47505, 36283, 45104, 28627
Chunk 3: 33775, 55059, 33786, 37543, 52484, 33718, 33771, 32520, 48752, 45088, 58796, 38787, 51141, 57618, 40000, 37406, 26241, 33714, 28687, 37456
Chunk 4: 36201, 34212, 37463, 33751, 33977, 39967, 36210, 27503, 33776, 33707, 37437, 39966, 27879, 27371, 33753, 32547, 35030, 36233, 36204, 41286
Chunk 5: 42831, 38253, 50040, 36205, 27321, 38765, 66289, 33740, 53723, 36221, 52554, 33816, 27141, 36535, 42461, 67468, 38717, 51500, 51297, 33728
Chunk 6: 34747, 40392, 27516, 50324, 43736, 27572, 38780, 61370, 33794, 42535, 35081, 37408, 41225, 57254, 42556, 57596, 41570, 34824, 42843, 38764
Chunk 7: 37432, 60845, 26575, 34771, 33698, 27430, 55001, 34904, 27445, 24993, 43621, 66271, 40046, 33740, 60017, 30018, 32210, 37442, 44680, 47538
Chunk 8: 55130, 48781, 53385, 36167, 26311, 66295, 35032, 36202, 38754, 48721, 37509, 35033, 37462, 42462, 58741, 39881, 43715, 45057, 27432, 33891
Chunk 9: 34160, 33768, 36278, 47774, 36176, 37789, 38670, 37508, 45054, 44056, 27522, 46230, 36228, 45021, 26263, 48865, 31298, 33742, 34019, 37295
Chunk 10: 36993, 27471, 28744, 34777, 61329, 38431, 56277, 37533, 32476, 25953, 36217, 33732, 39187, 35014, 68698, 34942, 33745, 42448, 37236, 46303
Chunk 11: 53740, 51239, 41221, 38747, 43719, 46232, 35005, 41211, 49982, 38740, 90018, 33741, 34623, 37457, 26235, 37501, 38709, 33800, 51325, 28750
Chunk 12: 36260, 33820, 37661, 44999, 61211, 26288, 39960, 51628, 33771, 61242, 54993, 49990, 36202, 42560, 37556, 32774, 50015, 36274, 26231, 37454
Chunk 13: 58747, 26161, 34852, 33720, 33818, 36288, 40026, 28397, 25038, 30074, 35248, 33759, 44049, 56238, 64973, 34703, 33825, 54948, 43696, 56281
Chunk 14: 52496, 39999, 40003, 42469, 37429, 53727, 26217, 37508, 36191, 37417, 34826, 30024, 31001, 57498, 33844, 36249, 42451, 40023, 41336, 43715
Chunk 15: 38736, 33796, 28732, 47558, 38802, 34996, 37502, 52503, 55007, 51330, 46176, 36212, 68693, 31281, 28675, 62554, 50086, 32483, 37480, 47510
Chunk 16: 38760, 26316, 34118, 26254, 34987, 54960, 60069, 33809, 43756, 35271, 26391, 42548, 37570, 39949, 46209, 35562, 62387, 36216, 41212, 27485
Chunk 17: 28766, 37382, 43413, 37444, 43741, 27497, 36198, 39948, 47477, 38430, 35239, 29194, 64953, 74059, 33767, 43162, 47533, 55081, 33725, 26315
Chunk 18: 41220, 57510, 56264, 40050, 53731, 33787, 37518, 50023, 26294, 25060, 37152, 42044, 50001, 42166, 33752, 34990, 32573, 34981, 33790, 37501
Chunk 19: 47530, 33792, 33714, 26247, 33794, 37449, 33727, 33756, 33739, 24922, 56278, 44990, 27495, 46295, 44993, 34962, 27375, 48698, 38692, 36193
Chunk 20: 27812, 37483, 54999, 27469, 37438, 49071, 28752, 38686, 41209, 35253, 33944, 27496, 38753, 35006, 33781, 42820, 42512, 33822, 41319, 28788

----------------------------------------
Profiling Data for connect_and_send_file:

Total Bytes Sent: 41684
Chunk Size: 8192 bytes
Number of Chunks Sent: 5
Remaining Bytes: 724

Connection Time (microseconds): 1829365, 1550505, 1482187, 1613756, 1608653, 1737967, 1533502, 1636811, 1590514, 1676539, 1445820, 1547271, 1633582, 1647755, 1493007, 1657307, 1609872, 1555035, 1494412, 1694278
Finding characteristic and service (microseconds): 0, 0, 0, 0, 0, 0, 0, 0, 0, 0, 0, 0, 0, 0, 0, 0, 0, 0, 0, 0
Total Sending Time (microseconds): 535881, 607405, 544853, 504505, 505395, 527948, 529626, 633401, 484831, 559861, 563035, 562241, 528204, 533450, 519711, 477375, 573598, 602371, 521118, 511568

Chunk Timing Details:
Chunk round trip times (microseconds):
Chunk 1: 113418, 87414, 113628, 111955, 85360, 102931, 90909, 110916, 93501, 94796, 91757, 159687, 96942, 107204, 105982, 107321, 117347, 89860, 93664, 110283
Chunk 2: 82471, 122502, 77504, 93822, 95012, 93911, 86189, 137465, 77522, 89943, 82527, 83763, 92542, 104948, 103727, 81326, 115014, 123779, 83699, 73785
Chunk 3: 91279, 98983, 98732, 96202, 88837, 112401, 83858, 118762, 110064, 93810, 120049, 112532, 98760, 82734, 77498, 92445, 93746, 126241, 91261, 91241
Chunk 4: 119987, 123486, 99991, 83880, 112485, 108752, 122431, 104004, 106282, 116240, 119932, 98744, 112486, 103573, 90021, 75072, 114984, 95002, 112507, 97520
Chunk 5: 99991, 130026, 106287, 93653, 101226, 87737, 117616, 119776, 81158, 122775, 107535, 92517, 108762, 94945, 102497, 89911, 101399, 120036, 110015, 108768

----------------------------------------
Profiling Data for connect_and_send_file:

Total Bytes Sent: 41684
Chunk Size: 16384 bytes
Number of Chunks Sent: 2
Remaining Bytes: 8916

Connection Time (microseconds): 885562, 1737587, 1627323, 3066821, 1659959, 1752059, 1689871, 1717972, 3008396, 1703445, 1693879, 1627693, 1691700, 1668334, 2949075, 1830817, 1676627, 1727274, 1634543, 1787782
Finding characteristic and service (microseconds): 0, 0, 0, 0, 0, 0, 0, 0, 0, 0, 0, 0, 0, 0, 0, 0, 0, 0, 0, 0
Total Sending Time (microseconds): 429381, 450903, 454674, 439736, 399849, 423449, 445976, 404808, 418531, 457153, 404539, 462275, 423639, 447349, 424414, 416953, 404724, 440489, 412418, 458316

Chunk Timing Details:
Chunk round trip times (microseconds):
Chunk 1: 171936, 162213, 197385, 174724, 162343, 160952, 186372, 151072, 172273, 167147, 151974, 197260, 186181, 167327, 165650, 170745, 166029, 159449, 171130, 155842
Chunk 2: 174983, 176209, 157671, 163758, 146808, 168712, 165843, 157485, 151326, 173769, 145033, 176307, 143866, 153841, 165038, 158728, 146232, 189744, 149991, 220088

----------------------------------------
