Profiling Data for connect_and_send_file:

Total Bytes Sent: 6858
Chunk Size: 4096 bytes
Number of Chunks Sent: 1
Remaining Bytes: 2762

Connection Time (microseconds): 877046, 2035993, 1946149, 2069574, 1948256, 2013893, 2071705, 2006078, 1972896, 2021380, 3263404, 2126878, 1957794, 2106250, 1949507, 3409336, 2048216, 2019538, 18445011196783327619, 885482, 2082358, 1960017, 2031730, 3368845, 2004604, 2041184, 1976344, 2058614, 1933884, 2022484, 2043893, 2023937, 4718275, 1959483, 3450458, 1999873, 2005496, 2062329, 2068132, 1992479, 2069408, 2075411, 2016952, 1996413, 1965956, 1976348, 2075431, 1941228, 2008186, 2034949
Total Sending Time (microseconds): 89492, 133517, 103368, 89417, 102016, 104614, 105479, 90964, 120891, 122401, 87222, 91059, 123585, 104508, 105759, 113175, 112154, 102469, 0, 113463, 118415, 125965, 95848, 103532, 99664, 96322, 100076, 123361, 95857, 100850, 114640, 101806, 107253, 93384, 114858, 93457, 103261, 98391, 118059, 99763, 94590, 104277, 118352, 118085, 105814, 134688, 118494, 90800, 110752, 94634

Chunk Timing Details:
Chunk round trip times (microseconds):
Chunk 1: 53279, 67317, 67151, 53220, 53146, 60652, 60477, 54607, 54611, 84987, 51016, 54832, 84855, 65771, 54462, 69181, 55915, 63579, 0, 72215, 81851, 89680, 54576, 56047, 55890, 57126, 55962, 55915, 53400, 54592, 54589, 53131, 55840, 57149, 78358, 55943, 54492, 53399, 80829, 59579, 58297, 67999, 82112, 81871, 60814, 64732, 82242, 54371, 74416, 57121

----------------------------------------
Profiling Data for connect_and_send_file:

Total Bytes Sent: 15862
Chunk Size: 4096 bytes
Number of Chunks Sent: 3
Remaining Bytes: 3574

Connection Time (microseconds): 1027111, 1862075, 1882709, 3285101, 1833532, 1936635, 1879924, 1920181, 3290952, 1925826, 1975950, 3216775, 1969310, 1927635, 1918052, 1993770, 1936568, 1922019, 1936172, 1878457, 1939277, 1940955, 1854039, 1872710, 3212164, 1901517, 3209128, 1967566, 1887597, 3170567, 1908714, 1933663, 1885797, 1903012, 1902444, 1922316, 1872182, 1999187, 1866133, 1823733, 4501624, 1980585, 1794063, 3295682, 1916231, 1895129, 1888028, 1976708, 1827072, 2020496
Total Sending Time (microseconds): 220975, 232248, 214842, 229565, 187850, 209361, 234614, 197950, 218409, 183960, 209393, 211196, 246982, 208580, 214716, 203153, 236026, 197236, 229472, 217974, 202487, 237386, 238179, 221991, 252014, 220802, 202213, 233688, 235929, 243422, 259701, 227445, 250840, 233620, 269787, 204825, 226121, 239739, 235933, 239847, 215999, 182312, 188575, 222308, 262269, 234898, 236176, 221021, 214799, 243501

Chunk Timing Details:
Chunk round trip times (microseconds):
Chunk 1: 57124, 77261, 55705, 92092, 52373, 59345, 92062, 52928, 60887, 52189, 55624, 56024, 55752, 63543, 56880, 64353, 52237, 52224, 81972, 64180, 70946, 54901, 56893, 55677, 54477, 52030, 60913, 64710, 70891, 84843, 83491, 55878, 82017, 58596, 108569, 61052, 64897, 54740, 57061, 63592, 55990, 52323, 52263, 59865, 79831, 54848, 57344, 53494, 54771, 87307
Chunk 2: 52508, 49159, 66361, 47396, 52434, 47810, 43751, 58773, 43021, 47490, 42563, 48745, 85055, 42528, 45293, 42534, 65039, 53760, 49995, 42972, 45038, 65313, 71283, 51238, 72516, 73791, 42524, 57533, 46222, 52201, 46200, 55019, 60106, 57524, 52461, 43799, 42464, 69983, 69980, 68739, 44985, 47504, 51322, 53700, 63667, 71202, 42503, 63729, 53743, 45258
Chunk 3: 45413, 64756, 46138, 49122, 42552, 43535, 45015, 42475, 48277, 42894, 56214, 44970, 46139, 43698, 43490, 44965, 61308, 47512, 57577, 44539, 46201, 47193, 43710, 46248, 48769, 42480, 43712, 49971, 78786, 65257, 78819, 47486, 46141, 42485, 57533, 59957, 75042, 46250, 42559, 45004, 47513, 42496, 42418, 43737, 61321, 45045, 46295, 60006, 42828, 68454

----------------------------------------
Profiling Data for connect_and_send_file:

Total Bytes Sent: 33088
Chunk Size: 4096 bytes
Number of Chunks Sent: 8
Remaining Bytes: 320

Connection Time (microseconds): 1211690, 1653419, 1668543, 1663311, 1679871, 1684605, 1661806, 1659152, 1703105, 2924619, 1687828, 1656691, 1648381, 1655417, 1696077, 3022612, 2960450, 1695545, 2991593, 1633989, 1626380, 1788219, 1563285, 1767687, 1660106, 1598704, 1673065, 1621421, 2970233, 1655150, 1650447, 1580528, 1637487, 1705076, 1721545, 1646398, 1687835, 1655059, 2996666, 1600740, 1726727, 3029931, 2953966, 1648204, 1684881, 1599630, 2953117, 1683943, 1652742, 1634953
Total Sending Time (microseconds): 524643, 458565, 519711, 438503, 456129, 477225, 472055, 446026, 483042, 452307, 457160, 477218, 489254, 410626, 449124, 460878, 467358, 454284, 496008, 474610, 445945, 513331, 470892, 509901, 488298, 469690, 442183, 470999, 413779, 490008, 494736, 473439, 439896, 464555, 454479, 518665, 495132, 453574, 511625, 440844, 453640, 443296, 508427, 519815, 448365, 480941, 424662, 502197, 472154, 469807

Chunk Timing Details:
Chunk round trip times (microseconds):
Chunk 1: 57180, 52254, 78419, 53513, 52288, 54708, 56950, 56794, 55429, 91352, 79705, 59649, 85466, 51886, 54119, 61818, 69560, 63029, 58450, 77067, 79710, 83318, 57137, 93287, 55774, 69704, 58425, 63446, 54721, 57224, 91412, 57219, 59527, 60832, 60649, 82077, 85859, 63230, 105819, 62032, 62190, 67537, 59661, 78478, 57235, 58363, 54702, 83838, 73382, 53548
Chunk 2: 44999, 51264, 71254, 69241, 47469, 58798, 63107, 43799, 71327, 43451, 44970, 60307, 48980, 58762, 58902, 42900, 42511, 42535, 49028, 43777, 43797, 51278, 73999, 42507, 80049, 47465, 46292, 44014, 62713, 58768, 60777, 64027, 53797, 42619, 60291, 51239, 47463, 42811, 47074, 43737, 49017, 57065, 67465, 43781, 67409, 52537, 48712, 44626, 55023, 46247
Chunk 3: 49991, 43790, 42591, 43259, 47847, 43757, 45648, 46199, 42494, 46226, 47875, 54774, 69845, 42472, 45090, 53367, 46230, 47443, 43462, 46215, 68727, 89979, 44730, 48747, 43954, 65230, 52792, 43492, 43859, 42511, 45125, 48728, 42761, 51092, 43451, 53780, 51538, 50941, 44946, 47523, 43927, 49913, 45249, 82481, 42450, 46279, 42497, 66198, 75010, 55012
Chunk 4: 64974, 81254, 42437, 57510, 44696, 72781, 57810, 68742, 63696, 42782, 48402, 56417, 56187, 52796, 47219, 56571, 56280, 60174, 70258, 70305, 44975, 49165, 51317, 64368, 72257, 53535, 43471, 76267, 45908, 66241, 53618, 69694, 68486, 61266, 67550, 42807, 45042, 50010, 42644, 45005, 67204, 58698, 81457, 78760, 47502, 71473, 71251, 48758, 48746, 53755
Chunk 5: 45311, 46214, 62764, 42524, 66344, 53436, 44693, 42588, 42706, 46018, 51205, 72270, 65261, 43881, 42521, 43496, 42494, 51120, 43735, 53492, 53979, 43377, 46252, 45661, 42817, 46294, 69970, 42459, 42496, 53756, 60307, 53772, 43748, 100058, 48092, 100942, 75904, 66282, 72353, 65016, 43609, 46268, 43319, 45005, 42936, 83528, 42494, 85028, 56556, 69989
Chunk 6: 72194, 57522, 47500, 51251, 44144, 61292, 76525, 68667, 84782, 68747, 61255, 50261, 43528, 43327, 69999, 68728, 87487, 67566, 61072, 58849, 44786, 47444, 70048, 70205, 72249, 42477, 42802, 81309, 45048, 70022, 43774, 66257, 48712, 42461, 65612, 47523, 45011, 75274, 45361, 53751, 58748, 42697, 71208, 52542, 57130, 46255, 57494, 43901, 43413, 43750
Chunk 7: 115048, 47804, 83519, 46527, 74483, 46610, 63473, 48742, 45031, 43773, 42463, 43503, 64951, 61275, 53773, 71168, 67532, 44191, 48751, 43648, 54986, 65019, 43617, 46032, 43896, 68721, 72215, 42455, 61248, 54025, 67211, 42950, 42824, 46241, 45024, 71214, 66563, 49746, 64679, 65034, 42505, 66044, 51700, 57488, 54926, 52470, 42519, 53682, 65067, 67524
Chunk 8: 44955, 67211, 71220, 44988, 45498, 73723, 48822, 57943, 65182, 58684, 68790, 67512, 42518, 42471, 42472, 50251, 42494, 65757, 108690, 69019, 42579, 49045, 71614, 86275, 64810, 42536, 42491, 65030, 45039, 74940, 42998, 58277, 47202, 47829, 51256, 45000, 47201, 42447, 42567, 46206, 43741, 42514, 75891, 47522, 43779, 57546, 51236, 44963, 42448, 46239

----------------------------------------
Profiling Data for connect_and_send_file:

Total Bytes Sent: 41684
Chunk Size: 4096 bytes
Number of Chunks Sent: 10
Remaining Bytes: 724

Connection Time (microseconds): 2119318, 1582218, 2758999, 1659288, 1545537, 1517408, 1532611, 1581598, 1584439, 1587398, 1535954, 1513742, 2899110, 1553001, 1419809, 1600975, 2832148, 1542575, 1558272, 1517384, 1592687, 1553319, 1539512, 1516817, 1596035, 1633885, 1553302, 2817219, 1592660, 1472246, 1558089, 1585056, 1551324, 1549501, 1520286, 1581549, 2804425, 1549110, 1553318, 1459105, 1601564, 2910470, 1563956, 1545634, 1602858, 1537343, 1618237, 2749954, 2951585, 1604245
Total Sending Time (microseconds): 564849, 617964, 584680, 620892, 614758, 590863, 534730, 639858, 578915, 593316, 539701, 593470, 588532, 633453, 604659, 594847, 542271, 580854, 568543, 577084, 561513, 619639, 601970, 610924, 545501, 567059, 582568, 594588, 578129, 614867, 618495, 582886, 597217, 583481, 590894, 554876, 597309, 567236, 574890, 558553, 588432, 552588, 601681, 575598, 582025, 603088, 604741, 562089, 597972, 566549

Chunk Timing Details:
Chunk round trip times (microseconds):
Chunk 1: 71094, 87913, 58410, 54712, 79759, 55878, 63461, 82362, 79822, 64511, 52179, 58493, 57218, 68467, 83455, 56051, 57237, 60839, 88609, 54554, 59805, 52109, 59417, 62173, 55491, 54528, 84749, 58048, 79416, 108656, 59741, 77360, 59653, 55560, 67170, 52083, 61053, 53441, 58602, 82259, 65953, 54707, 65483, 51830, 64423, 52893, 54932, 79617, 86682, 71554
Chunk 2: 42491, 56259, 43814, 56211, 57495, 51211, 52547, 52487, 42486, 58812, 53837, 44015, 58791, 50018, 47782, 68758, 46257, 43767, 56176, 67518, 85004, 71593, 48813, 53708, 49037, 61288, 49999, 62520, 46224, 48979, 48916, 66055, 43773, 46229, 49974, 77494, 67499, 73749, 52539, 44262, 42462, 49996, 42434, 77565, 42546, 69982, 48489, 52787, 46275, 44975
Chunk 3: 46276, 77512, 43722, 74995, 46554, 52495, 45012, 58892, 82468, 56172, 47554, 43416, 42480, 77448, 61605, 52492, 57499, 45001, 42806, 46261, 42523, 41261, 48701, 42532, 47248, 42480, 68780, 45012, 75054, 47565, 118040, 42568, 42498, 52514, 42603, 42645, 42506, 62521, 61199, 50733, 42639, 50082, 42620, 43781, 43679, 48768, 58877, 45072, 44956, 51252
Chunk 4: 82728, 45089, 71231, 45101, 43472, 95065, 46145, 67323, 43805, 56295, 43707, 64060, 46202, 76327, 56849, 72512, 42525, 80219, 48451, 58710, 44970, 95977, 77507, 73715, 64975, 57490, 49951, 67525, 59992, 48382, 45544, 53669, 68731, 56274, 78717, 66092, 54971, 43755, 42801, 53778, 57659, 43958, 66169, 71440, 59410, 71694, 43835, 65846, 45382, 44216
Chunk 5: 59799, 56139, 42539, 46121, 86258, 42467, 52814, 55060, 60001, 42477, 58727, 99728, 51284, 64018, 65380, 42505, 60457, 64780, 51424, 42497, 49048, 52441, 44988, 46344, 45002, 42701, 55030, 44951, 47482, 60300, 64126, 42527, 67486, 42483, 43757, 42536, 45025, 42540, 57225, 42520, 47232, 72610, 42496, 45961, 45738, 48287, 77342, 45029, 43424, 47023
Chunk 6: 46202, 45290, 82476, 77708, 48757, 61219, 43680, 42456, 44988, 66253, 46213, 46235, 49076, 45917, 48334, 69145, 43601, 44027, 44793, 49983, 45996, 51376, 62528, 89934, 59970, 52282, 43824, 47492, 42518, 55042, 46163, 49997, 56333, 82519, 78712, 62487, 72493, 52450, 60285, 67528, 67520, 43449, 56297, 67779, 44829, 59108, 67495, 46249, 74951, 61336
Chunk 7: 51210, 43531, 43773, 49861, 61543, 42512, 58609, 69302, 64989, 46282, 81280, 48715, 71255, 68767, 62538, 43726, 45927, 43500, 64994, 47729, 64987, 46128, 43794, 59968, 50049, 47529, 64964, 52540, 62440, 60937, 67263, 60268, 42484, 53744, 49958, 42482, 42515, 66767, 54686, 42950, 70027, 70054, 97434, 43740, 70047, 52163, 42516, 43750, 57501, 71206
Chunk 8: 42768, 77737, 64963, 63705, 72232, 44957, 43718, 45700, 44996, 69009, 43775, 55438, 43460, 56205, 42560, 67163, 72487, 66554, 45096, 43583, 48786, 68780, 88714, 48780, 53709, 79995, 44966, 49986, 42542, 46254, 46277, 49734, 81507, 55140, 53789, 48788, 43750, 58268, 60001, 51973, 67465, 43641, 56562, 61090, 70191, 71263, 45920, 42549, 60015, 45306
Chunk 9: 43536, 43468, 43852, 44950, 43755, 53880, 44991, 83789, 53741, 43458, 49934, 54668, 68746, 50039, 64893, 43768, 54996, 47169, 61430, 74204, 58693, 47466, 52539, 43792, 47530, 57499, 57543, 56302, 59999, 63752, 57488, 65006, 48510, 47942, 46263, 43754, 66242, 43715, 45045, 42531, 43736, 57752, 48407, 43674, 53521, 42471, 72867, 68912, 45026, 43461
Chunk 10: 59997, 66273, 73677, 70477, 45177, 47367, 65051, 49977, 42470, 52499, 42797, 58674, 68687, 45007, 42567, 59930, 42518, 66277, 45990, 73269, 42500, 73779, 56215, 70328, 51254, 44984, 43716, 43976, 44022, 45060, 46207, 42763, 67593, 71944, 65019, 46203, 51309, 47471, 65305, 61269, 68820, 47235, 65049, 49962, 68923, 67487, 58737, 43519, 72616, 67476

----------------------------------------
